0 1
0 2
1 2
3 4
2 5
3 5
3 6
4 6
1 7
2 7
3 7
5 7
6 7
1 8
7 8
8 9
6 10
7 10
8 10
9 10
1 11
8 11
9 11
6 12
10 12
12 13
14 15
14 16
15 17
17 18
20 21
5 22
20 22
22 23
23 24
23 25
24 25
20 26
21 26
22 26
23 26
24 26
24 27
21 28
24 28
26 28
27 28
19 29
14 30
16 30
29 30
3 31
4 31
19 31
29 31
3 32
29 32
30 32
31 32
14 33
15 33
16 33
17 33
30 33
32 33
34 35
17 36
33 36
35 36
17 37
18 37
34 37
35 37
36 37
21 38
34 38
35 38
32 39
35 39
38 39
3 40
5 40
20 40
21 40
22 40
32 40
38 40
39 40
32 41
33 41
35 41
36 41
39 41
24 42
25 42
0 43
2 43
5 43
22 43
23 43
42 44
23 45
25 45
42 45
43 45
42 46
44 46
45 46
45 47
46 47
44 48
46 48
47 48
48 49
48 51
49 51
50 51
47 53
48 53
52 53
0 54
1 54
52 54
53 54
1 55
11 55
52 55
54 55
48 56
49 56
53 56
48 57
49 57
50 57
51 57
50 58
51 58
0 59
43 59
45 59
47 59
53 59
54 59
53 60
56 60
50 61
58 61
52 62
53 62
54 62
60 62
63 64
63 66
64 66
66 67
64 68
66 68
67 68
65 69
65 70
65 71
69 71
65 72
70 72
67 73
72 73
65 74
67 74
69 74
72 74
73 74
78 81
78 82
80 82
80 84
83 84
77 85
79 85
75 86
79 86
78 87
81 87
82 87
85 88
79 89
85 89
88 89
83 90
84 90
64 91
84 91
77 92
80 93
84 93
91 93
80 94
82 94
83 94
84 94
81 95
87 95
88 96
89 96
76 97
75 98
77 98
85 98
92 98
80 99
82 100
83 100
94 100
92 101
98 101
82 102
87 102
95 102
76 104
81 104
95 104
101 104
102 104
79 105
86 105
89 105
75 106
81 106
98 106
101 106
104 106
76 107
82 107
100 107
102 107
104 107
83 108
100 108
103 108
107 108
75 109
81 109
86 109
99 109
106 109
76 110
97 110
103 110
107 110
108 110
92 111
101 111
104 111
63 112
64 112
84 112
90 112
91 112
75 113
79 113
85 113
86 113
98 113
83 114
90 114
108 114
76 115
97 115
104 115
111 115
78 116
81 116
99 116
109 116
104 117
111 117
115 117
78 118
80 118
82 118
99 118
116 118
42 120
44 120
50 121
57 121
61 121
24 122
27 122
42 122
120 122
44 123
48 123
120 123
121 124
121 125
123 125
124 125
124 126
119 127
124 127
126 127
124 128
125 128
126 128
48 129
57 129
121 129
123 129
125 129
119 130
127 130
119 131
126 131
127 131
130 131
89 132
96 132
122 132
121 133
124 133
127 133
127 134
130 134
126 135
128 135
131 135
132 135
120 136
122 136
123 136
125 136
128 136
132 136
135 136
89 137
105 137
130 137
131 137
132 137
135 137
130 139
137 139
138 139
138 140
138 141
139 141
140 141
140 142
141 142
105 143
137 143
139 143
80 144
99 144
109 144
143 144
86 145
105 145
109 145
143 145
144 145
139 146
141 146
142 146
143 146
130 147
134 147
138 147
139 147
140 147
149 150
149 151
150 151
150 152
148 153
149 153
155 156
156 157
155 158
15 159
17 159
18 159
154 159
154 160
155 160
156 160
158 160
154 161
15 162
154 162
159 162
161 162
163 164
63 165
163 166
163 168
165 168
166 168
63 169
90 169
103 169
108 169
112 169
114 169
165 169
167 169
168 169
163 170
164 170
166 170
171 173
171 174
164 178
172 178
171 179
173 179
177 179
174 180
176 180
171 181
177 181
179 181
174 182
180 182
171 184
174 184
177 184
181 184
172 186
175 186
178 186
171 187
174 187
170 188
175 188
175 189
185 189
175 190
188 190
189 190
166 191
170 191
188 191
189 191
190 191
63 192
165 192
174 193
177 193
182 193
183 193
184 193
185 193
66 194
67 194
183 194
193 194
72 195
177 196
185 196
189 196
193 196
63 197
66 197
185 197
189 197
192 197
193 197
194 197
67 198
72 198
73 198
195 198
180 199
182 199
183 199
193 199
198 199
183 200
194 200
198 200
199 200
67 201
194 201
198 201
200 201
175 202
189 202
196 202
171 203
173 203
174 203
176 203
180 203
187 203
165 204
166 204
168 204
192 204
172 205
175 205
177 205
186 205
196 205
202 205
164 206
170 206
175 206
178 206
186 206
188 206
166 207
189 207
191 207
192 207
197 207
204 207
67 208
68 208
143 208
146 208
64 209
68 209
143 209
208 209
69 210
71 210
146 210
67 211
69 211
74 211
146 211
208 211
210 211
64 212
80 212
91 212
93 212
143 212
144 212
209 212
103 214
169 214
214 216
215 216
168 217
169 217
214 217
216 217
218 219
218 220
21 221
34 221
37 221
38 221
218 221
220 221
21 222
28 222
218 222
219 222
221 222
218 223
219 223
218 224
220 224
223 224
163 225
168 225
215 225
216 225
217 225
27 228
28 228
28 229
213 229
222 229
227 229
228 229
219 230
222 230
226 230
229 230
226 231
227 231
229 231
230 231
219 232
223 232
226 232
230 232
92 234
111 234
233 234
233 235
103 236
110 236
233 236
97 237
110 237
111 237
115 237
233 237
234 237
236 237
233 238
235 238
236 238
235 239
238 239
238 240
239 240
227 241
231 241
227 242
241 242
235 243
239 243
232 244
239 244
240 244
243 244
235 245
242 245
243 245
226 246
231 246
232 246
241 246
242 246
243 246
244 246
245 246
77 247
92 247
233 247
234 247
235 247
245 247
122 248
227 248
229 248
96 249
132 249
122 250
132 250
248 250
249 250
88 251
227 251
242 251
245 251
88 252
96 252
227 252
248 252
249 252
250 252
251 252
27 253
122 253
228 253
229 253
248 253
77 254
85 254
88 254
245 254
247 254
251 254
240 256
244 256
255 256
103 257
214 257
215 257
216 257
236 257
255 257
236 258
238 258
240 258
255 258
256 258
257 258
215 259
225 259
255 259
256 259
257 259
260 261
261 262
263 264
264 265
263 266
264 266
151 267
266 267
264 268
265 268
266 268
150 269
268 269
266 270
267 270
268 270
269 270
150 271
151 271
267 271
269 271
270 271
149 272
150 272
152 272
154 272
159 272
160 272
149 273
153 273
158 273
160 273
272 273
18 274
152 274
159 274
272 274
264 275
265 275
265 276
268 276
269 276
275 276
275 277
276 277
276 278
276 279
277 279
276 280
278 280
279 280
220 281
221 281
278 281
18 282
37 282
221 282
281 282
18 283
150 283
152 283
269 283
274 283
276 283
278 283
281 283
282 283
262 284
263 284
266 284
262 285
263 285
284 285
263 286
264 286
275 286
285 286
153 287
273 287
158 288
158 289
273 289
287 289
288 289
