8.08510032295147
7.92446007850885
8.68575926971065
9.3114113950885
9.18220819697648
9.45221693334415
8.72408845460233
8.66176165608293
7.95329365927281
7.50091764919341
8.05930874289687
7.29497680904451
8.3221965056134
8.45321482420005
10.3793237169799
11.0874575757435
10.5092608390498
11.7236904020473
12.3717998364534
9.62665636734596
10.7280934841562
11.6080581576323
9.99021215348104
9.24231543160779
10.059708977432
9.26284447178798
10.5813396202858
10.7580337023788
11.6783761757718
9.74251036871193
10.1378803627717
9.42043032736905
10.0972167378357
10.9200825601059
11.7763602605308
11.3833735182062
11.5019242769213
12.098941974072
11.5014029718337
10.9142277336478
10.493731144522
10.8982925996294
8.89245413665039
8.69857453459865
7.98294348949969
8.44932207040445
7.95323138449589
7.53863897897424
6.80309289045533
5.87873027732632
5.28721288934312
5.34750917680803
6.69863275432122
6.94865152942318
7.39672919472506
7.09350517263407
6.2178678642822
5.9391303756132
4.7797767641996
7.97800376263859
6.51474533028922
4.72877930378554
6.54193166000058
11.3342173589054
10.6935343458619
6.61191556061879
9.78836159607887
8.12929987629468
9.35562883508935
7.02761330616542
6.36469471369467
6.58446895371806
6.62681799501125
7.17949797140515
7.27465776086955
11.7146632509202
13.4520329129083
12.249883613094
11.9527015791287
10.8785691085464
11.5007453172249
12.3028797748015
12.2312695748593
12.9295844172867
12.1342414694779
11.2816225107961
11.0611538181025
12.3102270019466
11.4322302905908
10.2954208377227
12.741232599236
11.4210749287157
12.9248292904566
11.4081058649777
12.1671496331455
12.6080830021244
10.6287566526685
13.8966029775123
12.1954698852885
11.195209969934
13.1477960187304
12.6941996645788
12.6224925325267
14.6460744704379
12.8912401401123
10.181566681573
12.2039546984075
13.2232064801591
13.9447835534226
11.2896153677306
14.2668414806525
13.2472221369937
12.069681139322
11.4217464120184
13.4023069489503
13.5950988714405
11.6129024694786
13.1692993920893
11.554451289607
6.07256897830155
8.38222967290377
5.35701552927217
9.64564636934804
7.4001926244639
6.22131336890572
7.02249899189983
6.9047991160331
5.59980132665546
7.10996594613679
6.4175514958108
6.70100596848603
7.10043488712185
9.56628637539969
5.66680140184841
5.5127179523442
8.27028621576304
8.36763753725288
8.67007648370321
6.8036156707946
7.70608839876472
5.56096425674771
6.41275678864451
5.8217480544678
9.35375739321946
10.7776519729606
10.3960601895813
7.26900173579443
5.75279347654814
13.4492447356493
13.384297312134
13.5953103999947
13.5056155973782
13.390012711348
13.2432893085538
12.16169467608
11.8763569040684
11.8756431627605
11.3110944354556
12.1942464493377
12.1632475416223
12.2858401932802
11.6639357129222
11.3299211976904
19.4854164135818
15.8604265131833
13.1982583636577
14.1161530566842
13.5308103914421
15.7767389990421
14.1849263943719
14.9869718729745
5.45179368478175
9.33737313624647
4.91229509881018
6.20822095789036
10.7756404036991
4.7678129702641
7.32427912415462
11.7976671620328
5.85774284159703
5.71226424284245
6.26529930295633
6.62421240108197
7.70291774397779
6.53414908625928
8.86141575674436
10.4053731289151
5.55026514219603
12.2160984020909
10.355476188622
11.7361301786049
12.3725802459899
11.7662405872938
7.71635648269204
8.98254625097513
6.52705822105248
8.4988609875513
9.93597863815272
7.00170231308712
6.90872198194094
7.53471706090601
8.14366402299936
9.20989531854988
4.86041985412464
13.034913346946
8.03603212849563
12.2973217448413
12.0884723352169
8.61831029565601
9.58975582537537
6.49473023793082
7.44212161582976
10.5813876106978
12.6110174192375
15.6652449380445
17.7459196413054
16.6619502722949
16.6920502502871
13.7129134837847
14.5886600256882
14.5263081976573
12.7109588571873
13.230624687621
15.0626094832012
15.0884668797692
19.4739556732255
13.8697762394948
12.3677563932885
11.9412280632097
12.5231071340146
13.7814825608235
13.1644286624667
14.9429796576164
14.4928169435453
13.6557946406921
13.9679354671342
15.1489682072807
14.2976247989111
14.7560435974722
14.682408436223
15.4155936845654
13.0537426900947
12.9426033850508
13.9908831524554
14.8755797254418
13.1713412382845
13.687534396854
13.2868955845764
11.3343484763712
10.6375310714073
10.9201650575731
12.3882027457516
11.5038598347951
10.9638941723542
12.3407814688585
16.2541822050995
18.6066096414781
16.0954723337094
15.8638032733227
21.1931470346743
14.7220172435939
14.7654346959427
14.7561277308328
14.7958802108986
14.7583439621908
14.772756892504
14.317136171358
13.8469800674572
14.4970879632014
14.2035338051078
14.0603986746573
13.7282313339092
13.0549950295604
12.8886147894283
12.9887641911199
15.2974812142702
15.2837330211567
15.7375993315263
15.1567587273616
16.2278189286171
16.2092461816462
14.0380846612777
12.8370486544919
13.7045326855542
14.4605381532144
14.7441120871243
15.0867998253759
12.8933529931601
12.4640486074207
12.5181593210647
