431057.795799151
614591.459353499
485232.055869196
501159.682335019
327731.33588285
321552.552788823
552581.018516753
419981.577874422
572255.32120407
168838.711904421
316120.751082096
275337.937480099
469187.854368091
749684.643161535
222602.776087055
522047.705419526
132455.826033816
192778.595237982
123791.76744695
1820288.37928537
178465.617741294
201569.968992866
212323.027838826
311551.235611364
424780.227459199
287905.228271812
222129.494462412
281988.075370973
479730.545198875
412734.451078378
186834.333765104
433262.363730207
527000.452266144
294109.044914465
126695.983961952
360274.238513939
162655.602097146
239049.54201593
173916.311370315
204366.587562731
418739.995191101
301872.336647771
245968.08009918
796112.42749133
236715.462156584
551242.68735218
425632.213219687
328886.556415528
584516.16666072
87248.8406734411
98097.1161260232
123193.79388802
144874.712809198
400030.755928556
102509.98266612
154442.211481724
266325.162518203
153974.594464324
76125.5922358446
338756.075703494
365869.869590633
164652.32471144
1313722.98333048
817120.611316467
850846.584991496
1603245.83708643
1165706.09074837
843279.981810944
541244.339849323
717802.471600354
687415.219695807
656680.754867703
1180056.75747867
626273.018052392
904488.085356109
266616.772424219
348858.72730428
338241.905953217
291206.203541944
153095.001029864
673140.906077742
608783.89262211
398185.551506336
492267.47869052
362891.312157602
1204178.35720935
195147.037846439
2286296.40995503
347485.905011412
510794.61719727
96872.043495357
94214.700952258
340449.978158712
293774.998695426
408929.403849043
178112.565245807
157551.485105645
162385.685677581
377750.942500122
212199.230262017
412167.840101704
208545.165033907
280304.354455948
245369.628670759
387276.452706963
391652.661954064
368803.047643038
727289.708745837
319188.760089025
255817.105180986
431004.627954088
282766.128721744
410882.402102158
290417.099975161
195693.93385832
701005.696475886
203500.304049522
189731.292266011
298869.546243455
851273.544855975
174841.134502221
535848.769981215
322232.822484497
1320364.96672798
803864.751945315
1391718.09118839
713264.050305612
5650841.69521053
764483.057553213
519669.412105897
577599.309812928
1068628.1952482
1430293.42917129
966972.840526294
619593.184953026
1620381.44041381
500043.029721424
971313.59921919
5187423.93194383
2415820.08808678
2389796.21668319
2801370.57664662
4212775.97251579
2651878.49081159
1107793.48045083
732024.326081622
2275375.99873591
2601173.20251056
399186.443026036
81950.1077260673
209257.428171074
200535.10923625
216716.615421209
563346.619406592
254141.135290857
106329.023574997
435068.626625136
32387.0265739821
225168.556814333
241689.193996803
254964.128743026
79134.9089608807
114863.641373727
601635.777169532
498614.897495286
2519184.87415427
3785596.6724018
1502799.16030541
3148630.99239898
3080524.63995462
3287778.49783077
3697419.48059024
3582513.99374877
4836533.54758792
5359754.82752982
5888026.17844057
2166516.75921899
5401415.44026438
5123019.49793804
3731575.47140531
5120601.10416692
2608054.19868025
4215136.46838411
2912684.73533103
4111363.34952664
1610539.2739213
3068994.6610329
4898570.33065984
5666372.16023482
7722141.96952309
11978205.7244541
7321286.69584246
4166181.93944981
4241647.49655872
3143981.32148055
12792379.6967804
2408621.99199694
4950260.88436864
4483694.60179686
3993328.12332461
4831544.38146762
7273184.24150224
4075235.52604362
6191168.40169892
4563454.05698761
2918945.67775623
2965776.03008676
4123650.21465645
697918.480079427
869688.106856816
2934894.80059249
1553323.11668865
935516.131590005
2000007.40095674
142942.412968444
125207.360646048
261557.136355785
51500.4590400599
252625.032250104
230070.262874508
558717.730448095
209742.852042765
469103.056734311
250273.775860032
193785.972872386
72904.8962611577
206661.142206671
531136.879272857
108862.814442188
1032521.05286661
254029.065879674
229390.324082395
262753.717596516
343285.154970452
284220.692363843
224634.310840186
267808.414502524
391014.038662333
401863.314523863
177342.819785755
115081.918334592
233419.799947396
306451.484676685
256158.354572766
397449.923023648
362672.12295007
739749.566684622
236972.365660802
497316.535171364
259908.65306505
218781.426658448
623787.588950394
788665.695316979
229482.503560094
229096.89251504
120815.640149673
163163.339733023
120274.395756993
199269.915905572
135754.840945579
1419917.86679065
1457952.8280074
435605.793598816
322626.690425955
278993.182227552
1016859.14469736
344073.399490446
300066.467803702
302676.857536577
623354.758457057
495842.795103937
374247.639120419
417003.547369581
521397.443608531
276811.816253567
278723.859083109
325671.412773447
399190.907177754
644447.853636542
584382.632469721
475852.379003264
301287.735069249
149280.163092824
367419.529979969
711912.145953342
700046.393157542
431433.603910185
288695.457261763
45816.7057939218
251939.404583672
