-10.6969973147811
-11.2014044074603
-10.9486040428465
-12.1657337408413
-12.8070378418456
-11.3449380666077
-12.7334609024511
-11.8753199004415
-11.7142933842368
-12.2756386485357
-12.4265152850624
-11.5671471408953
-13.0862916617569
-13.2443823431295
-14.0565461075853
-14.3570787251952
-13.5917032282368
-13.3559648377836
-13.1982905177493
-13.5715370058126
-11.0617574017016
-10.7251654684711
-10.7383364944519
-10.0241112251163
-9.10628277048977
-9.10114449396858
-10.0997495823421
-8.61855526574501
-9.47210871185252
-13.3372824787142
-13.497014870351
-13.0550183240982
-12.7480283929288
-13.3662977685902
-11.794580760181
-12.3099854782255
-12.6953198293968
-12.1761685622899
-11.5183385310969
-12.1426729102276
-11.8064036034241
-12.6389107192403
-8.32981283095523
-10.2948972018077
-8.32161604660715
-9.33749306856856
-8.79141973245444
-9.10828641393471
-8.77265934747239
-9.38664597557177
-7.87240044473358
-8.81485273305098
-10.8154445316911
-9.6467067681547
-10.3106497571373
-11.035373956221
-9.81484792761612
-8.20630084483632
-8.18662235732508
-9.86518166322178
-10.2087443480525
-7.76482165833351
-10.5480478042959
2.90415963627008
1.58171596135799
2.22164272108332
2.76648095695374
2.20714439517051
1.79470330082736
1.78639789249703
2.41178983996859
1.82571204288702
2.53961968458335
2.62889487681326
2.10861510453636
-3.07787868655221
-1.56436660178459
-4.17501711643757
-1.44571712016375
-3.39109377984512
-0.436432565764488
-2.14076516646524
-0.764041562728122
0.0376719085583461
0.656633946964876
-4.25775342796172
-2.98381837316531
-1.50694798011021
-4.97322757277283
-4.4344252986966
0.746222570314808
0.884740701790205
-3.88485586122298
0.214332609186304
-0.292756543405417
-1.81291877554531
-5.26913399585484
-2.10891000239638
-3.42050457567735
-1.20407023905166
-0.492882617350337
-3.0225620354196
-1.30589242860401
-0.339305646056479
-2.15662851114792
-3.25061877131758
-2.60238882578062
-1.01500255122408
-0.0284381398550686
-2.2283374479752
-1.33967464870641
-3.00488411339982
1.74792860800648
-3.51453296681969
0.60464846521569
-2.37953860144702
-1.87035613068521
-2.3604739745312
-0.978090968645314
-3.98869045036987
-7.62139626463291
-6.74933004994472
-7.39199315500808
-7.70177152143892
-5.86371478417595
-6.60260136097323
-5.08775546862054
-4.38047635541864
-5.89333899469997
-7.59421325846773
-3.4223384099017
-4.23542808692149
-5.56060281766476
-5.44771091600051
-3.12328272190873
-4.94520902064809
-6.40159722934454
-3.34754572847799
-1.44857251095326
-1.65797819051585
-1.19722578581257
-0.4505892590944
0.0658734196742408
-0.96665822989793
-0.82053079719054
-2.20954009155852
0.392035023521542
-2.41595761662205
-16.6519766900715
-15.7400960933873
-14.9280729143261
-16.0079317593164
-14.1668234337666
-16.3929781242566
-14.7075707693103
-15.7805844144617
-15.610651846793
-16.0044262835692
-16.0414925821251
-14.1102026921055
-15.2707712335044
-15.1868712722139
-14.9895855515835
10.5179923540902
13.2145755463396
3.54182015162526
7.29917827663182
2.12750883851264
5.2272573557824
2.18812907389765
10.0313602194617
7.50913576638896
12.4408638736708
7.83817669932321
6.93059154351681
9.98841005327895
6.10526824868207
8.75820206768553
13.1252277335987
8.58085510340307
5.96821645077267
8.00221720379618
5.90480971446698
5.31314304181047
7.42103513936281
7.14168195466444
11.2446002728688
7.0468543358924
9.55048907743799
7.70619210829341
8.51333829799062
7.63083412718726
4.50070479404325
6.69604199937784
4.37256482543281
3.56494717572422
8.18725257913665
5.60116364781258
3.46704842929775
5.1569998979221
4.53613344934147
3.61884574017571
9.54715507435786
6.92518532404628
5.3175720200376
10.8255431512444
11.4430255524641
6.26173196625986
1.07167103237531
0.870783189314605
1.27893644044645
1.12982755449776
0.458692540330563
-7.97913454827124
0.667664607789877
-0.393153527249538
0.41090357818257
2.77874530076174
-10.5692847860035
-9.17609587148468
-11.4753528410393
-11.0211548750314
-9.43404556678191
-9.59602817164449
-10.5587029961129
1.14357352436258
-7.29948621309705
-6.77361344562845
-8.59096622663644
-8.1296276455093
-8.16019066059074
-7.36273664219233
-7.52725826047224
-3.61604691055525
-3.61212808628332
-4.56964505434846
-2.43662542227221
-2.83232375448323
-4.10868087743523
-4.96027558313038
-4.4907030976969
-6.62227469812958
-5.77224693305439
-5.37302232384092
-5.89305460960298
-4.94259949153944
-6.18593138486894
-4.38476692053441
-7.36260801882495
-5.85727073712909
-6.74781397742024
-5.55994677697816
-5.91341760281602
-8.0967474071123
-4.77902359816082
-3.32509210778146
-4.99129257492276
-1.70978739450552
-4.02251526789148
-3.30405293089589
-17.4608227260258
-17.3640332057887
-17.2093250580277
-16.4743094929614
-16.2079620476746
-15.9231733471514
-16.4801789874952
-16.410064850681
-15.7995886231365
-15.1862970478847
-16.0544502341315
-15.8247132393354
-14.7739862569677
-15.5856787481165
-13.8797866469945
-16.2546383894006
-15.0474941617209
-16.0020355789619
-13.6044155654654
-15.9337870047008
-14.614513747386
-12.7272715315118
-12.2076195942174
-13.7718613024347
-16.826906167862
-16.8639765996543
-16.6652554497407
-16.3572247297876
-16.6081587838829
-16.2127398765918
